Nearest Neighbour
500
344 177 60 497 91 300 110 112 65 81 471 468 290 270 129 248 790 445 29 393 22 301 214 242 420 151 140 419 422 581 183 40 370 116 314 337 95 361 104 202 43 837 217 118 618 15 263 310 515 462 702 448 861 254 717 494 651 156 994 147 893 500 922 452 844 134 529 425 634 454 925 267 948 413 997 230 800 488 656 343 913 228 988 251 751 63 962 224 954 125 563 167 683 498 629 492 540 371 814 334 971 386 992 330 968 450 950 429 830 483 730 467 998 194 834 99 565 136 810 227 714 261 754 142 610 176 763 404 616 318 612 377 877 667 417 385 929 39 694 30 636 53 748 24 870 401 591 297 901 215 599 62 553 172 742 7 917 311 770 89 761 23 767 128 952 428 647 339 724 411 983 258 595 628 273 233 543 839 463 304 967 320 640 382 886 232 963 141 801 49 672 127 549 57 530 168 677 441 945 444 560 249 715 728 465 473 797 85 843 201 1000 78 604 496 871 459 522 324 773 195 959 372 758 28 733 27 523 241 524 88 911 375 507 225 741 256 668 124 872 3 624 188 820 205 928 495 756 51 944 32 727 107 562 432 818 528 904 209 130 178 630 381 642 13 811 406 824 307 807 358 709 26 881 173 527 246 858 255 607 86 586 369 695 155 875 113 725 143 613 466 688 281 678 243 995 396 906 115 965 279 588 148 941 165 532 159 585 392 557 391 655 138 578 415 973 275 804 222 648 6 749 164 746 54 513 705 288 56 627 162 779 398 781 213 701 191 676 295 641 21 996 340 732 2 882 198 840 67 539 551 506 920 869 919 122 395 92 64 68 568 229 407 592 589 83 189 503 11 556 485 775 97 691 266 511 38 766 105 729 435 622 383 664 41 554 50 597 37 615 181 896 430 930 373 713 538 111 154 915 34 521 108 698 286 966 431 502 10 567 45 537 285 583 204 891 478 907 18 935 357 643 350 662 455 625 123 885 203 654 464 743 175 985 673 755 292 25 61 689 347 665 283 850 564 883 783 484 74 608 704 252 481 166 35 984 461 978 211 605 133 788 150 650 363 666 17 964 409 795 545 423 139 752 526 268 117 535 359 617 368 675 410 955 639 412 210 703 981 768 303 574 336 298 493 993 312 836 443 943 923 4 244 859 356 744 438 847 446 792 299 961 326 710 66 550 390 932 200 633 700 525 799 681 946 517 71 90 348 234 380 938 20 186 216 659 722 518 36 157 250 856 313 873 187 895 152 813 379 504 212 750 469 912 321 534 137 637 84 584 499 541 892 566 69 440 863 289 403 848 207 734 482 969 315 590 408 536 55 789 309 815 182 857 163 623 42 638 119 663 171 786 114 890 308 707 226 510 374 687 345 571 322 716 52 726 72 572 282 671 44 555 365 652 184 711 808 909 865 611 366 265 433 145 121 645 328 544 193 682 14 684 87 765 199 693 264 782 331 712 686 831 231 731 316 46 262 546 434 933 332 614 319 819 323 832 73 823 126 573 908 346 785 475 362 561 816 931 898 146 284 101 416 866 19 862 342 519 144 644 427 927 477 977 278 778 149 975 338 934 94 838 421 587 271 542 479 699 626 798 514 762 921 649 826 803 657 764 910 868 812 842 174 259 80 77 460 8 903 169 457 208 424 277 291 619 580 880 341 400 453 916 879 569 238 269 621 399 253 58 160 135 274 769 179 508 296 841 436 791 161 821 353 784 247 979 109 822 753 982 999 646 960 333 76 418 75 293 236 661 389 747 257 669 594 757 793 575 899 957 327 426 708 774 102 679 12 132 276 220 153 235 384 884 720 900 287 93 317 609 70 796 735 833 576 759 570 378 197 16 388 305 240 926 352 817 740 878 552 558 190 272 260 772 601 223 936 394 953 120 31 360 294 632 306 846 577 853 593 653 180 414 185 158 82 738 329 635 776 449 280 531 354 674 620 405 325 905 680 660 480 192 486 777 103 806 33 845 516 9 335 828 206 809 1 889 487 854 940 874 442 302 79 520 5 602 376 794 658 512 860 98 364 924 914 949 736 685 986 780 805 894 48 864 489 598 987 470 397 458 825 918 106 355 476 196 533 239 131 96 706 787 876 509 827 47 472 690 760 723 603 100 402 219 387 351 349 59 501 942 697 505 855 582 559 829 692 849 696 897 970 739 902 596 456 474 631 976 221 600 606 451 958 951 974 852 802 989 579 956 367 491 980 170 437 771 851 547 439 835 939 937 887 972 548 237 245 719 867 745 670 490 888 218 447 990 947 737 721 718 991

Best distance found: 6552
Time taken: 0.08690929412841797


Hill Climbing
500
344 177 60 497 91 300 110 112 65 81 471 468 290 270 129 248 790 445 29 393 22 301 214 242 420 151 140 419 422 581 183 40 370 116 314 337 95 361 104 202 43 837 217 118 618 15 263 515 462 702 310 448 861 254 717 494 651 156 994 147 893 500 922 452 844 134 529 425 634 454 925 267 948 413 997 230 800 488 656 343 913 228 988 251 751 63 962 224 954 125 563 167 683 498 629 492 540 371 814 334 971 386 992 330 968 450 950 429 830 483 730 467 998 194 834 99 565 810 227 136 714 261 754 142 610 176 763 404 616 318 612 377 877 667 417 385 929 39 694 30 636 53 748 24 870 401 591 297 901 215 599 62 553 172 742 7 917 311 770 89 761 23 767 128 952 428 647 339 724 411 983 258 595 628 273 233 839 463 967 320 640 382 886 963 141 801 49 127 672 26 543 549 304 57 530 168 677 441 945 444 560 249 715 728 465 473 797 85 843 201 1000 78 604 496 871 459 522 324 773 195 959 372 758 28 733 27 523 241 524 88 911 375 507 225 741 256 668 124 872 3 624 188 820 205 928 495 756 51 944 32 727 107 562 432 818 528 904 209 130 178 630 381 642 13 811 406 824 307 807 358 709 881 173 527 246 858 255 607 86 586 369 695 155 875 113 143 725 232 613 466 688 281 678 995 396 906 115 965 279 159 588 148 941 165 532 585 392 557 391 655 138 578 415 973 275 804 222 648 6 749 164 746 513 705 288 56 627 162 779 398 781 213 191 676 295 641 21 340 732 2 882 198 840 67 539 551 506 920 869 919 996 122 395 92 64 68 568 701 229 407 592 589 83 189 503 11 54 556 485 775 97 691 266 511 38 243 766 105 729 435 622 383 664 41 554 50 597 37 615 181 896 430 930 373 713 538 111 154 915 34 521 108 698 966 431 502 45 10 567 537 285 583 204 478 907 18 935 357 643 350 662 455 625 123 885 203 654 464 891 743 175 985 673 755 292 25 347 61 689 665 283 850 564 883 783 484 74 608 704 252 481 166 35 984 461 978 211 605 133 788 150 650 363 666 17 964 409 795 545 423 139 752 526 268 117 535 359 617 368 410 955 639 412 210 703 981 768 303 574 336 298 493 675 993 312 836 443 286 943 923 4 244 859 356 744 438 847 446 792 299 961 326 710 66 550 390 932 200 633 700 525 799 681 946 517 71 90 348 234 380 611 938 20 186 216 659 722 518 36 157 250 856 313 873 895 813 379 504 469 84 912 321 534 137 152 584 187 541 892 566 440 863 289 403 848 207 734 482 315 590 408 969 536 55 789 309 750 637 815 182 857 163 114 623 638 119 663 171 42 786 890 308 331 226 510 262 687 345 571 322 716 726 72 572 282 52 671 44 555 365 652 184 711 808 909 865 366 69 265 433 145 121 645 328 544 193 682 212 684 87 765 693 707 782 712 686 831 231 731 316 46 546 434 374 933 332 614 499 319 819 323 832 126 73 199 823 264 573 908 346 785 475 19 362 561 816 931 898 866 146 284 101 416 519 144 427 644 927 862 342 477 977 149 278 778 975 338 934 94 14 838 421 542 479 699 626 798 514 762 921 649 826 803 657 764 910 868 812 842 174 259 80 77 460 8 903 169 457 277 208 424 291 619 580 880 341 400 453 916 879 569 238 269 621 399 253 58 160 135 274 508 296 841 436 791 821 161 784 247 979 109 822 753 982 999 646 960 333 76 418 75 293 236 769 661 389 179 747 257 669 594 757 793 575 899 957 327 426 708 774 102 679 12 132 276 220 153 235 384 884 587 720 900 287 93 317 271 609 70 796 735 833 576 570 378 197 16 388 305 926 240 353 817 740 878 552 558 190 272 260 772 601 223 936 394 953 120 31 360 294 632 306 846 577 853 593 653 180 414 185 158 82 738 329 635 776 449 280 531 354 674 620 405 325 905 680 660 480 486 777 103 33 806 206 845 516 9 335 828 809 5 1 889 487 854 940 442 874 602 376 302 79 794 658 512 860 98 364 924 914 780 805 894 48 864 489 598 987 470 397 458 825 918 106 355 476 196 533 239 96 131 706 787 876 509 827 472 690 723 603 100 402 219 387 351 349 59 501 942 697 505 855 582 559 759 829 849 696 736 897 970 520 739 902 596 456 600 606 451 958 352 986 951 852 802 989 579 956 367 491 980 170 437 771 851 439 835 939 937 887 972 237 245 867 745 670 490 888 218 447 760 47 547 990 719 947 192 221 737 548 976 721 631 474 685 949 974 718 692 991

Best distance found: 6208
Time taken: 553.1403863430023
