Nearest Neighbour
100
3 13 43 50 65 92 45 97 113 145 34 30 6 62 130 9 5 79 20 22 99 24 53 179 47 57 60 4 27 197 72 10 46 162 19 23 38 8 71 12 33 77 14 103 123 41 96 21 36 147 17 28 122 160 37 1 32 78 121 40 101 42 128 58 90 75 84 44 171 11 119 48 178 81 141 61 146 59 158 190 54 175 82 117 154 108 177 153 157 140 39 74 133 98 127 134 148 80 94 25 70 26 15 31 35 52 172 67 106 100 135 55 120 68 110 7 136 18 105 112 174 29 69 126 132 165 192 199 73 88 83 107 125 2 64 86 87 93 115 129 138 131 173 49 95 144 143 194 155 182 183 184 56 66 111 150 16 63 104 166 51 163 89 91 109 164 142 191 102 200 187 167 195 170 198 180 116 169 181 139 149 85 114 156 196 159 137 124 161 193 186 189 76 152 176 185 151 188 118 168

Best distance found: 144
Time taken: 0.004091739654541016


Hill Climbing (opt='2.5')
100
3 13 43 50 65 92 45 97 113 145 34 30 6 62 130 9 5 79 20 22 99 24 53 179 47 57 60 4 27 197 72 10 46 162 19 23 38 8 71 12 33 77 14 103 123 41 96 21 36 147 17 28 122 160 37 1 32 78 121 40 101 42 128 58 90 75 84 44 171 11 119 48 178 81 141 61 146 158 190 54 175 82 117 154 108 177 153 157 140 39 74 133 98 127 148 80 94 25 70 26 15 31 35 52 172 106 100 135 55 120 68 76 110 7 136 18 105 112 174 176 29 69 126 132 165 192 199 73 88 83 107 125 2 64 86 87 93 115 129 138 131 173 49 95 144 143 194 155 182 183 184 56 66 111 150 16 63 104 166 51 163 89 67 91 109 164 142 191 102 200 187 195 198 59 180 116 169 181 139 151 149 85 114 156 196 159 137 161 193 124 186 189 152 167 170 185 188 134 118 168

Best distance found: 130
Time taken: 0.2690422534942627


Beam search (iterations=100, opt='2.5', beam_width=5)
100
43 13 3 50 65 92 45 97 113 145 34 30 6 62 130 9 5 79 20 22 99 24 53 179 47 57 60 4 27 197 72 10 46 162 19 23 38 8 71 12 33 77 14 103 123 41 96 21 36 147 17 28 122 160 37 1 32 78 121 40 101 42 128 58 90 75 84 44 171 11 119 48 178 81 141 61 146 158 190 54 175 82 117 154 108 177 153 157 140 39 74 133 98 127 148 80 94 25 70 26 15 31 35 52 172 106 100 135 55 120 68 110 7 136 18 76 105 112 174 29 176 69 126 132 165 192 199 73 88 83 107 125 2 64 86 87 93 115 129 138 131 173 49 144 95 155 182 143 194 183 184 56 66 111 150 16 63 104 166 51 163 89 109 164 91 67 142 191 102 200 187 195 198 59 180 116 169 181 139 151 149 85 114 156 196 159 137 161 193 124 186 189 152 167 170 185 188 134 118 168

Best distance found: 128
Time taken: 2.555889844894409


Tabu search (iterations=100, opt='2.5', tabu_list_size=50)
100
3 13 43 50 65 92 45 97 113 145 34 30 6 62 130 9 5 79 20 22 99 24 53 179 47 57 60 4 27 197 72 10 46 162 19 23 38 8 71 12 33 77 14 103 123 41 96 21 36 147 17 28 122 160 37 1 32 78 121 40 101 42 128 58 90 75 84 44 171 11 119 48 178 81 141 61 146 158 190 54 175 82 117 154 108 177 153 157 140 74 133 127 98 39 148 80 94 25 70 26 15 31 35 52 172 106 100 135 55 120 68 76 110 7 136 18 105 112 174 176 29 69 126 132 165 192 199 73 88 83 107 125 2 64 86 87 93 115 129 138 131 173 144 49 95 155 182 143 194 183 184 56 66 111 150 16 63 104 166 51 163 89 67 91 109 164 142 191 102 200 187 195 198 59 180 116 169 181 139 151 149 85 114 156 196 159 137 161 193 124 186 189 152 167 170 185 188 134 118 168

Best distance found: 129
Time taken: 0.4001643657684326


Tabu-Beam hybrid (iterations=100, opt='2.5', tabu_list_size=50, beam_width=5)
100
3 13 43 50 65 92 45 97 113 145 34 30 6 62 130 9 5 79 20 22 99 24 53 179 47 57 60 4 27 197 72 10 46 162 19 23 38 8 71 12 33 77 14 103 123 41 96 21 36 147 17 28 122 160 37 1 32 78 121 40 101 42 128 58 90 75 84 44 171 11 119 48 178 81 141 61 146 158 190 54 175 82 117 154 108 177 153 157 140 39 127 98 133 74 148 80 94 25 70 26 15 31 35 52 172 106 100 135 55 120 68 110 7 136 18 76 105 112 174 29 176 69 126 132 165 192 199 73 88 83 107 125 2 64 86 87 93 115 129 138 131 173 49 144 95 182 155 143 194 183 184 56 66 111 150 16 63 104 166 51 163 89 109 164 91 67 142 191 102 200 187 195 198 59 180 116 169 181 139 151 149 85 114 156 196 159 137 161 193 124 186 189 152 167 170 185 188 134 118 168

Best distance found: 127
Time taken: 3.6620519161224365


Simulated Annealing (initial_temp=5000, alpha=0.99, time_limit=180)
100
3 45 4 47 57 60 54 75 84 41 90 58 10 175 46 19 82 72 20 22 99 53 24 5 44 190 96 160 122 28 36 147 42 77 12 33 38 23 71 14 123 103 128 21 124 121 78 32 144 95 112 105 18 76 110 136 7 55 120 68 70 25 94 119 11 48 178 6 148 30 34 133 98 118 92 43 50 65 134 13 97 153 113 145 39 74 100 106 172 31 35 52 15 26 135 80 152 174 69 126 29 176 199 73 138 129 86 87 64 2 107 125 83 88 155 182 165 132 192 184 183 143 194 173 131 158 59 180 61 146 66 150 111 16 104 166 63 89 91 191 142 200 102 130 9 195 141 187 67 163 51 164 109 56 49 189 186 1 115 93 37 161 193 17 137 159 101 40 116 198 79 157 179 170 140 62 81 167 171 169 181 162 139 114 8 196 156 85 149 151 185 27 197 117 188 154 108 177 168 127

Best distance found: 129
Time taken: 180.0019612312317