ATTEMPT TO BEAT THE RECORD OF 128 SET BY BEAM AND TABU-BEAM

Simulated Annealing (initial_temp=5000, alpha=0.99, tabu_list_size=50, time_limit=Nuh uh)
100
97 90 58 14 114 8 71 77 33 12 42 36 21 190 158 171 11 48 39 74 133 34 98 92 65 3 13 43 50 134 45 177 108 4 82 19 38 10 139 46 72 60 57 99 22 20 24 6 148 30 80 94 25 70 120 68 55 16 91 67 106 100 15 172 111 150 66 18 136 76 7 110 112 174 192 176 69 165 29 73 88 138 129 173 40 116 44 198 79 5 140 170 179 157 47 54 75 84 169 124 2 64 87 86 125 107 83 93 115 1 32 78 121 180 59 146 61 178 167 119 81 9 130 62 102 200 142 191 31 52 35 89 166 104 63 163 51 109 164 135 26 56 183 184 194 143 95 144 49 189 131 37 160 122 28 193 161 147 101 96 41 181 175 162 151 23 149 85 196 156 123 103 159 128 137 17 186 155 182 126 199 132 105 152 187 195 141 53 185 197 27 188 154 117 153 113 145 127 118 168

Best distance found: 127
Time taken: 510.93545484542847


NOOOOOOOOO TABU-BEAM GOT 127 TOO AFTER THE 2.5-OPT FIX WHAT WAS MY 510.93 SECONDS FOR
BEST RECORD FOR THIS N = 100 PROBLEM IS 122 BY CP
